9001
1
12,A,1
1
13,A,12
5

4
12
4
13
2
12
4
13
4
12
2
13
4
13
4
12


69


1
5,E,5
1
3,C,4|5
1
8,G,5|4
1
2,B,5|4|2|8
1
4,D,2|3|4|5|8
1
7,F,1|2|3|4|5|6|7|8|9|10
1
9,H,1|2|3|4|5|6|7|8|9|10
1
10,I,1|2|3|4|5|6|7|8|9|10
1
1,A,1|2|3|4|5|6|7|8|9|10

5
9

4
5
9

4
10
9

4
3
9

4
1
9

3
10
9

2
5
9

5
9

4
5
9

4
10
9

4
1
9001

2
4
2
8
2
2
2
3
2
7
2
9
2
10

5
9001

3
1
9001

4
1
9001

2
1
9001


420


1
5,E,1
1
3,C,1
1
8,G,1
1
2,B,1
1
4,D,1
1
7,F,1
1
9,H,1
1
10,I,1
1
1,A,1

5
9001

2
10
5
9001

2
2
5
9001

2
5
5
9001

2
8
5
9001

2
4
5
9001

2
3
5
9001

2
7
5
9001

2
9
5
9001

2
1
5
9001

9001
9001
6
